3600 14 16 16
3856 16 16 16
3599 15 15 15
3342 13 14 14
3343 13 15 13
3088 12 12 12
3087 15 15 15
3085 12 13 12
2832 16 16 16
2831 15 15 15
2830 14 14 14
2828 12 12 12
3086 12 12 12
2575 10 10 10
2574 10 14 14
2576 10 10 10
2572 12 12 12
2571 10 10 10
2829 13 13 13
2320 9 9 9
3344 13 -1 13
2573 13 10 10
2317 9 9 13
2318 9 14 14
2314 9 9 9
2064 8 8 8
2315 9 11 9
2063 8 8 8
2062 8 8 8
2061 8 8 8
2059 8 8 8
2058 10 10 10
2316 -1 -1 -1
2319 -1 -1 -1
1807 7 7 7
2060 -1 -1 -1
2057 -1 -1 -1
1806 7 7 7
1804 7 7 7
1803 7 7 7
1802 7 7 7
1808 7 7 7
1552 6 6 6
1551 6 6 6
1801 9 9 9
1549 6 6 6
1550 14 14 14
1547 6 6 6
1805 13 13 7
1546 -1 6 6
1548 12 12 12
1545 9 9 9
1543 6 6 6
1295 5 5 5
1294 5 14 14
1293 5 13 13
1292 12 12 12
1291 5 5 5
1544 -1 -1 -1
1289 9 9 9
1290 10 10 10
1800 7 7 7
1286 6 6 6
1287 7 7 7
1040 16 16 16
1039 15 15 15
1038 14 14 14
1037 13 13 13
1036 12 12 12
1034 10 10 10
1035 11 11 11
1296 -1 -1 -1
1032 8 8 8
1033 9 9 9
1029 5 5 5
1030 6 6 6
783 3 3 3
1031 7 7 7
1288 -1 -1 -1
784 -1 -1 -1
780 -1 -1 -1
782 -1 -1 -1
778 10 10 10
781 -1 -1 -1
776 8 8 8
779 11 -1 -1
774 -1 -1 -1
772 3 3 3
777 -1 -1 -1
528 16 16 2
773 -1 -1 -1
525 13 13 13
527 15 2 2
523 11 11 11
524 12 12 12
526 2 2 2
521 9 9 9
775 7 7 7
518 6 6 6
520 2 8 8
522 10 10 10
517 5 5 5
516 2 2 2
519 7 7 2
271 1 1 1
272 1 1 16
270 1 14 1
268 12 12 1
269 1 1 13
267 1 1 1
265 9 9 9
266 1 10 10
262 6 6 6
261 1 5 5
515 2 3 3
260 1 1 1
264 1 1 8
258 1 1 1
259 3 1 1
15 0 0 0
14 14 14 14
13 13 0 0
11 0 0 0
12 12 12 12
9 9 9 9
10 10 10 10
263 7 7 1
6 6 6 6
7 7 7 7
4 0 0 0
3 -1 -1 -1
16 -1 -1 -1
5 -1 -1 -1
1 1 0 0
2 0 2 0
8 -1 -1 -1
